

0.300  0.100 80        0.600 3  0.538  0.119
 0.290  0.100 80        0.200 1  0.665  0.028
 0.280  0.100 80        0.400 2  0.647  0.012
 0.270  0.100 80        0.400 2  0.606  0.080
 0.260  0.100 80        0.600 3  0.659  0.011
 0.250  0.100 80        0.800 4  0.573  0.130
 0.240  0.100 80        0.400 2  0.624  0.069
 0.230  0.100 80        0.600 3  0.572  0.112
 0.220  0.100 80        0.800 4  0.659  0.052
 0.200  0.100 80        0.800 4  0.659  0.016
 0.195  0.100 80        0.000 0  0.653  0.006
 0.190  0.100 80        0.600 3  0.635  0.043
 0.185  0.100 80        1.200 6  0.584  0.097
 0.180  0.100 80        0.000 0  0.653  0.006
 0.175  0.100 80        0.200 1  0.653  0.006
 0.170  0.100 80        1.000 5  0.618  0.049
 0.165  0.100 80        0.400 2  0.612  0.080
 0.160  0.100 80        1.200 6  0.530  0.141
 0.155  0.100 80        0.200 1  0.647  0.012
 0.150  0.100 80        0.200 1  0.636  0.036
 0.145  0.100 80        0.800 4  0.590  0.057
 0.140  0.100 80        1.600 7  0.578  0.079
 0.135  0.100 80        1.600 6  0.601  0.085
 0.130  0.100 80        2.400 9  0.619  0.066
 0.125  0.100 80        3.200 12  0.619  0.070
 0.120  0.100 80        4.000 15  0.636  0.072
 0.115  0.100 80        4.200 15  0.630  0.064
 0.110  0.100 80        4.600 15  0.636  0.042
 0.105  0.100 80        6.400 24  0.648  0.048
 0.100  0.100 80        8.400 28  0.630  0.039
 0.095  0.100 80        9.600 29  0.647  0.042
 0.090  0.100 80       10.800 32  0.653  0.057
 0.085  0.100 80       12.400 37  0.642  0.085
 0.080  0.100 80       15.600 45  0.671  0.065
 0.075  0.100 80       18.800 53  0.671  0.091
 0.070  0.100 80       20.800 59  0.659  0.117
 0.065  0.100 80       24.800 67  0.711  0.097
 0.060  0.100 80       31.000 86  0.717  0.088
 0.055  0.100 80       37.200 105  0.699  0.055
 0.050  0.100 80       43.600 122  0.705  0.056
 0.045  0.100 80       52.000 143  0.746  0.042
 0.040  0.100 80       61.000 169  0.769  0.063
 0.035  0.100 80       73.600 210  0.775  0.054
 0.034  0.100 80       77.800 218  0.798  0.072
 0.033  0.100 80       80.800 223  0.804  0.076
 0.032  0.100 80       83.600 234  0.792  0.064
 0.031  0.100 80       86.600 240  0.804  0.076
 0.030  0.100 80       90.400 250  0.804  0.076
 0.029  0.100 80       93.800 259  0.647  0.312
 0.025  0.100 80       109.400 293  0.100  0.000
 0.020  0.100 80       130.800 350  0.100  0.000
 0.015  0.100 80       167.600 435  0.100  0.000
 0.010  0.100 80       229.400 605  0.100  0.000