50182
50183
50186
50187
50188
50189
50190
50191
50193
50194
50196
50197
50198
50199
50200
50202
50203
50207
50212
50214
50217
50272
50273
50274
50275
50277
50280
50282
50283
50288
50289
50290
50291
50292
50293
50294
50295
50297
50298
50301
50304
50307
50310
50311
50312
50314
50315
50316
50320
50322
50324
50326
50327
50329
50330
50331
50332
50333
50337
50339
50342
50344
50345
50347
50349
50350
50351
50352
50355
50358
50359
50360
50362
50363
50364
50365
50366
50367
50368
50370
50371
50372
50377
50381
50382
50385
50386
50387
50388
50390
50391
50397
50399
50402
50403
50404
50405
50406
50408
50410
50411
50412
50413
50415
50416
50417
50418
50419
50421
50422
50424
50425
50426
50427
50428
50433
50434
50435
50436
50437
50438
50439
50440
50441
50442
50443
50444
50445
50446
50447
50449
50456
50466
50467
50468
50469
50470
50477
50480
50482
50483
50485
50486
50487
50488
50490
50491
50492
50493
50496
50497
50498
50499
50500
50501
50502
50503
50504
50505
50507
50510
50511
50516
50519
50521
50523
50524
50525
50526
50527
50528
50529
50530
50532
50964
50965
50966
50968
50969
50970
50972
50973
50974
50976
50979
50981
50982
50984
50985
50986
50987
50988
50989
50991
50992
50993
50994
50995
50996
50998
50999
51000
51001
51002
51003
51006
51007
51008
51009
51011
51012
51013
51014
51015
51016
51017
51018
51019
51020
51021
51023
51024
51026
51027
51028
51029
51030
51032
51033
51034
51035
51064
51065
51066
51068
51069
51071
51072
51073
51074
51075
51076
51077
51078
51079
51080
51081
51082
51083
51084
51085
51086
51087
51088
51089
51090
51093
51094
51096
51097
51098
51099
51100
51101
51102
51103
51105
51106
51107
51109
51110
51111
51112
51113
51114
51122
51125
51126
51127
51128
51129
51130
51131
51146
51147
51148
51150
51151
51152
51154
51155
51156
51159
